Title,FirstName,MiddleName,LastName
,Alexandra,J,Adams
,Xavier,C,Collins
,Sharon,E,Nath
,Angel,A,Ward
,Rachael,M,Prasad
,Michele,,Shan
,Morgan,C,Perry
,Clarence,R,Chen
,Emmanuel,,Malhotra
,Nathan,M,Jai
,Jaime,L,Raji
,Amanda,A,Watson
,Ana,,Powell
,Bruce,B,Garcia
Mr.,Peng,,Wu
,Joe,,Moreno
,Jose,,White
,Bryan,J,Gray
,Fernando,A,Rodriguez
,Sergio,,Madan
